187
Staphylococcus.aureus.001018685.00           0.0000000 0.0107831 0.0105741 0.0116990 0.0622548 0.0622706 0.0635360 0.0634429 0.0616908 0.0619943 0.0619495 0.0266862 0.0299875 0.0278404 0.0273890 0.0392348 0.0324354 0.0412631 0.0392494 0.0392408 0.0410130 0.0324834 0.0392408 0.0653180 0.0652654 0.0642975 0.0658025 0.0653180 0.0652654 0.0642975 0.0658025 0.0491868 0.0491868 0.0494446 0.0477178 0.0475149 0.0489670 0.0477101 0.0477101 0.0489659 0.0463460 0.0461196 0.0461196 0.0461196 0.0461196 0.0466333 0.0608038 0.0799067 0.0804478 0.0613903 0.0613903 0.0608038 0.0796189 0.0804478 0.0550688 0.0548115 0.0550199 0.0542223 0.0549958 0.0553391 0.0550554 0.0552688 0.0542303 0.0543078 0.0542897 0.0565611 0.0537186 0.0537186 0.0752766 0.0667915 0.0666480 0.0665274 0.0665253 0.0662605 0.0658775 0.0659966 0.0418426 0.0470388 0.0470136 0.0473326 0.0484773 0.0427752 0.0392698 0.0367857 0.0407912 0.0415708 0.0535653 0.0475989 0.0478482 0.0491656 0.0481036 0.0443649 0.0438547 0.0440808 0.0458752 0.0557746 0.0557746 0.0500746 0.0547461 0.0525235 0.0484707 0.0476984 0.0479556 0.0479455 0.0289004 0.0458990 0.0271116 0.0289098 0.0461387 0.0439502 0.0447231 0.0288978 0.0267041 0.0635857 0.0636124 0.0641289 0.0636124 0.0487473 0.0524319 0.0489939 0.0487458 0.0629427 0.0621527 0.0635287 0.0630061 0.0690352 0.0628513 0.0621527 0.0601068 0.0604685 0.0598527 0.0581440 0.0563872 0.0563605 0.0561037 0.0591025 0.0735853 0.0728421 0.0726083 0.0454646 0.0454609 0.0455052 0.0459671 0.0454669 0.0454646 0.0452369 0.0454829 0.0552849 0.0550316 0.0558647 0.0548100 0.0552851 0.0566005 0.0550285 0.0552856 0.0689626 0.0695324 0.0701933 0.0895346 0.0093740 0.0168797 0.0137989 0.0144384 0.0709338 0.0706658 0.0707198 0.0706636 0.0042747 0.0035980 0.0047189 0.0048907 0.0051019 0.0040687 0.0042034 0.0039271 0.0034550 0.0169892 0.0632622 0.0634546 0.0634668 0.0660962 0.0639958 0.0595114 0.0566304 0.0558970 0.0550661 0.0548373 
Staphylococcus.aureus.001018685.01           0.0107831 0.0000000 0.0006045 0.0026354 0.0608932 0.0609086 0.0699709 0.0712683 0.0603331 0.0683461 0.0605905 0.0233327 0.0326112 0.0244734 0.0240260 0.0321443 0.0346799 0.0319349 0.0321559 0.0321538 0.0316938 0.0352064 0.0321538 0.0544526 0.0544107 0.0622768 0.0543744 0.0544526 0.0544107 0.0622768 0.0543744 0.0520189 0.0520189 0.0522879 0.0450603 0.0448567 0.0517917 0.0450532 0.0450532 0.0517905 0.0515999 0.0276874 0.0276874 0.0276874 0.0276874 0.0281605 0.0612261 0.0609520 0.0612078 0.0577226 0.0577226 0.0612261 0.0606836 0.0612078 0.0539655 0.0537096 0.0615852 0.0617894 0.0538943 0.0542342 0.0539525 0.0618476 0.0531328 0.0532083 0.0531906 0.0629550 0.0526237 0.0526237 0.0666566 0.0630604 0.0728440 0.0627995 0.0627976 0.0625360 0.0720328 0.0622754 0.0341075 0.0347842 0.0338307 0.0345859 0.0357059 0.0352528 0.0384895 0.0372693 0.0413598 0.0345382 0.0582850 0.0465253 0.0467732 0.0569856 0.0470272 0.0429663 0.0429422 0.0429255 0.0498657 0.0481402 0.0481402 0.0476310 0.0471384 0.0575390 0.0455274 0.0447643 0.0520369 0.0450091 0.0334566 0.0281529 0.0311296 0.0332361 0.0281526 0.0293081 0.0295631 0.0334718 0.0245881 0.0557070 0.0557296 0.0620570 0.0554729 0.0457995 0.0543968 0.0460438 0.0460438 0.0693639 0.0607939 0.0621611 0.0616412 0.0758325 0.0706412 0.0607939 0.0587583 0.0673764 0.0585054 0.0670213 0.0571326 0.0571054 0.0568481 0.0634816 0.0607038 0.0599750 0.0597650 0.0438228 0.0438193 0.0515703 0.0443227 0.0438250 0.0438228 0.0512826 0.0438404 0.0551982 0.0549442 0.0611851 0.0547220 0.0546899 0.0622170 0.0546867 0.0549442 0.0589969 0.0595418 0.0677731 0.0785599 0.0083088 0.0179050 0.0095801 0.0104288 0.0671534 0.0668886 0.0779630 0.0668866 0.0039013 0.0105584 0.0124802 0.0045222 0.0051531 0.0041082 0.0111954 0.0116275 0.0034862 0.0046817 0.0618154 0.0534319 0.0534420 0.0549134 0.0622406 0.0583266 0.0619776 0.0547918 0.0539629 0.0542288 
Staphylococcus.aureus.001018685.02           0.0105741 0.0006045 0.0000000 0.0024323 0.0609323 0.0609478 0.0700171 0.0713157 0.0603718 0.0683909 0.0606294 0.0233458 0.0326301 0.0244872 0.0240395 0.0321628 0.0347000 0.0319533 0.0321744 0.0321724 0.0317121 0.0352269 0.0321724 0.0545075 0.0544655 0.0623411 0.0544290 0.0545075 0.0544655 0.0623411 0.0544290 0.0520701 0.0520701 0.0523394 0.0451037 0.0448999 0.0518426 0.0450965 0.0450965 0.0518414 0.0516506 0.0279395 0.0279395 0.0279395 0.0279395 0.0284136 0.0609821 0.0607083 0.0609640 0.0574792 0.0574792 0.0609821 0.0604401 0.0609640 0.0537240 0.0534682 0.0613398 0.0615440 0.0536531 0.0539924 0.0537110 0.0616020 0.0528920 0.0529671 0.0529496 0.0627086 0.0523832 0.0523832 0.0667006 0.0631014 0.0728928 0.0628404 0.0628385 0.0625767 0.0720810 0.0623158 0.0341273 0.0348045 0.0338503 0.0346061 0.0357267 0.0352733 0.0385121 0.0372911 0.0413845 0.0345583 0.0586011 0.0468181 0.0470665 0.0572990 0.0473210 0.0432501 0.0432258 0.0432089 0.0501618 0.0484341 0.0484341 0.0479238 0.0474302 0.0578512 0.0455712 0.0448073 0.0520880 0.0450523 0.0334870 0.0281780 0.0313880 0.0334985 0.0284056 0.0295633 0.0298190 0.0337346 0.0248353 0.0557633 0.0557859 0.0621210 0.0555289 0.0458437 0.0544508 0.0460883 0.0460883 0.0694095 0.0608330 0.0622012 0.0616809 0.0758837 0.0706880 0.0608330 0.0587958 0.0674205 0.0585427 0.0670918 0.0571907 0.0571635 0.0569059 0.0635226 0.0607427 0.0600134 0.0598033 0.0441074 0.0441039 0.0518695 0.0446084 0.0441097 0.0441074 0.0515810 0.0441251 0.0555079 0.0552534 0.0615064 0.0550309 0.0549986 0.0622806 0.0547413 0.0549991 0.0587529 0.0592975 0.0675238 0.0782924 0.0083156 0.0179202 0.0095880 0.0104375 0.0671977 0.0669327 0.0780162 0.0669307 0.0041114 0.0107783 0.0127036 0.0047333 0.0049463 0.0043186 0.0114165 0.0118494 0.0036956 0.0048909 0.0618791 0.0534855 0.0534956 0.0549687 0.0623049 0.0586320 0.0623006 0.0551012 0.0542703 0.0545368 
Staphylococcus.aureus.001018685.03           0.0116990 0.0026354 0.0024323 0.0000000 0.0619310 0.0619467 0.0741907 0.0755186 0.0613684 0.0725434 0.0616266 0.0266856 0.0388298 0.0278397 0.0273883 0.0349061 0.0402542 0.0364541 0.0349189 0.0349115 0.0362087 0.0407929 0.0349115 0.0650340 0.0649817 0.0769488 0.0655181 0.0650340 0.0649817 0.0769488 0.0655181 0.0595264 0.0595264 0.0598048 0.0494916 0.0492888 0.0592972 0.0494835 0.0494835 0.0592958 0.0591085 0.0302734 0.0302734 0.0302734 0.0302734 0.0307537 0.0726555 0.0713770 0.0716416 0.0600599 0.0600599 0.0726555 0.0710965 0.0716416 0.0555340 0.0552766 0.0662946 0.0664978 0.0554604 0.0558046 0.0555205 0.0665610 0.0546944 0.0547725 0.0547543 0.0676904 0.0541823 0.0541823 0.0752727 0.0667875 0.0796530 0.0665234 0.0665214 0.0662565 0.0788242 0.0659926 0.0384576 0.0448166 0.0438290 0.0446235 0.0452823 0.0396147 0.0481231 0.0468566 0.0511339 0.0384183 0.0618787 0.0470559 0.0473044 0.0605630 0.0475591 0.0450516 0.0447841 0.0447665 0.0549081 0.0560011 0.0560011 0.0502992 0.0549722 0.0639848 0.0499630 0.0491859 0.0595475 0.0494342 0.0381770 0.0305151 0.0360395 0.0381904 0.0307449 0.0316736 0.0319332 0.0381960 0.0266832 0.0649017 0.0649292 0.0746278 0.0646641 0.0499943 0.0617234 0.0502419 0.0499927 0.0735710 0.0618297 0.0632027 0.0626810 0.0801563 0.0748777 0.0618297 0.0597877 0.0715672 0.0595340 0.0704866 0.0574370 0.0574097 0.0571519 0.0690634 0.0649789 0.0642421 0.0640326 0.0459066 0.0459029 0.0566329 0.0464095 0.0459089 0.0459066 0.0563372 0.0459251 0.0576010 0.0573457 0.0666761 0.0571237 0.0570900 0.0674596 0.0568317 0.0570905 0.0700628 0.0706353 0.0825086 0.0907761 0.0089502 0.0241641 0.0133700 0.0140087 0.0711841 0.0709159 0.0851528 0.0709137 0.0040712 0.0131768 0.0146579 0.0046870 0.0048978 0.0038653 0.0138141 0.0138122 0.0034530 0.0050294 0.0767555 0.0639740 0.0639863 0.0663529 0.0771849 0.0607695 0.0674814 0.0577095 0.0568708 0.0566412 
Staphylococcus.carnosus.000009405.00         0.0622548 0.0608932 0.0609323 0.0619310 0.0000000 0.0018410 0.0047351 0.0053647 0.0014306 0.0030782 0.0016355 0.0516945 0.0522053 0.0527321 0.0522387 0.0549934 0.0568416 0.0570553 0.0555272 0.0557715 0.0570469 0.0571941 0.0557715 0.0628886 0.0625775 0.0641588 0.0625631 0.0629033 0.0625921 0.0641738 0.0625777 0.0560461 0.0560461 0.0563223 0.0558131 0.0558641 0.0563229 0.0558034 0.0558034 0.0563216 0.0560566 0.0563600 0.0566163 0.0563600 0.0561064 0.0566597 0.0636774 0.0655715 0.0658342 0.0654667 0.0654513 0.0636624 0.0652792 0.0658187 0.0626765 0.0618894 0.0616300 0.0618549 0.0626397 0.0629542 0.0621366 0.0618922 0.0618577 0.0624207 0.0616131 0.0632553 0.0623772 0.0623772 0.0781416 0.0759433 0.0759406 0.0756694 0.0756670 0.0756694 0.0756668 0.0751185 0.0548733 0.0548853 0.0543421 0.0546474 0.0558807 0.0561318 0.0559119 0.0555988 0.0601697 0.0553447 0.0559014 0.0533408 0.0535959 0.0543770 0.0538583 0.0534125 0.0528903 0.0528686 0.0528477 0.0611855 0.0617427 0.0617217 0.0609414 0.0624729 0.0565674 0.0557654 0.0565522 0.0560203 0.0571940 0.0558750 0.0558733 0.0572161 0.0558733 0.0560740 0.0563826 0.0582344 0.0565842 0.0566728 0.0563947 0.0571843 0.0561380 0.0557650 0.0576148 0.0555120 0.0555120 0.0070350 0.0041134 0.0041121 0.0036982 0.0117482 0.0072524 0.0041134 0.0091606 0.0117294 0.0097965 0.0613868 0.0601089 0.0600802 0.0595608 0.0648650 0.0643730 0.0641113 0.0636101 0.0564804 0.0564756 0.0562438 0.0570105 0.0564962 0.0564932 0.0559575 0.0565173 0.0634087 0.0631472 0.0620780 0.0626378 0.0628853 0.0623383 0.0621028 0.0623678 0.0650575 0.0658821 0.0672527 0.0846364 0.0585492 0.0608657 0.0596006 0.0606401 0.0801525 0.0798749 0.0799084 0.0798722 0.0613974 0.0613916 0.0624768 0.0611394 0.0622868 0.0616728 0.0622015 0.0617366 0.0616698 0.0619290 0.0641459 0.0617939 0.0615454 0.0617599 0.0624681 0.0680421 0.0626058 0.0629999 0.0623941 0.0618883 
Staphylococcus.carnosus.000009405.01         0.0622706 0.0609086 0.0609478 0.0619467 0.0018410 0.0000000 0.0041141 0.0055748 0.0012261 0.0028727 0.0014309 0.0519607 0.0524722 0.0529997 0.0525058 0.0552648 0.0571154 0.0573291 0.0557994 0.0560439 0.0573207 0.0574687 0.0560439 0.0631708 0.0623326 0.0639130 0.0623182 0.0631856 0.0623471 0.0639280 0.0623327 0.0560577 0.0560577 0.0563339 0.0558246 0.0558757 0.0563345 0.0558150 0.0558150 0.0563332 0.0700469 0.0561203 0.0563765 0.0561203 0.0655581 0.0564197 0.0644890 0.0663888 0.0666522 0.0662823 0.0662667 0.0644738 0.0660953 0.0666365 0.0626943 0.0619070 0.0616475 0.0737456 0.0626575 0.0629722 0.0621543 0.0619098 0.0618753 0.0624385 0.0616306 0.0632734 0.0746693 0.0623949 0.0781558 0.0759571 0.0759544 0.0756832 0.0756808 0.0756832 0.0756805 0.0751322 0.0546342 0.0551520 0.0648118 0.0544083 0.0561483 0.0558921 0.0556721 0.0661160 0.0702019 0.0551055 0.0556607 0.0531014 0.0533564 0.0676192 0.0536186 0.0536768 0.0531538 0.0531321 0.0531110 0.0694375 0.0617584 0.0617373 0.0609568 0.0624888 0.0573439 0.0565393 0.0573285 0.0567949 0.0569536 0.0556354 0.0556338 0.0569756 0.0653488 0.0558346 0.0561428 0.0579934 0.0563445 0.0566888 0.0564105 0.0572004 0.0561538 0.0562830 0.0581366 0.0560296 0.0560296 0.0076658 0.0047366 0.0051507 0.0047353 0.0123943 0.0079663 0.0047366 0.0102231 0.0128037 0.0108615 0.0611420 0.0598647 0.0598361 0.0593170 0.0651478 0.0641284 0.0643933 0.0638918 0.0567479 0.0567431 0.0565112 0.0572786 0.0567639 0.0567608 0.0562244 0.0567850 0.0639416 0.0636797 0.0626084 0.0631695 0.0634173 0.0628692 0.0626335 0.0628990 0.0648108 0.0656349 0.0670047 0.0843672 0.0580478 0.0603611 0.0590975 0.0604040 0.0801671 0.0798895 0.0799229 0.0798868 0.0614129 0.0781142 0.0624927 0.0611548 0.0623026 0.0616884 0.0709002 0.0617523 0.0616854 0.0619447 0.0639002 0.0620746 0.0618259 0.0620405 0.0744961 0.0685885 0.0631372 0.0637955 0.0629255 0.0624189 
Staphylococcus.carnosus.000009405.02         0.0635360 0.0699709 0.0700171 0.0741907 0.0047351 0.0041141 0.0000000 0.0052774 0.0036972 0.0015752 0.0039039 0.0519731 0.0550231 0.0530124 0.0522470 0.0644483 0.0582598 0.0668302 0.0650003 0.0652485 0.0668197 0.0586044 0.0652485 0.0652898 0.0644439 0.0620848 0.0644291 0.0653051 0.0644590 0.0620988 0.0644441 0.0591771 0.0591771 0.0594480 0.0594403 0.0594950 0.0594486 0.0594297 0.0594297 0.0594473 0.0580633 0.0780030 0.0782755 0.0780030 0.0777345 0.0783405 0.0661264 0.0864908 0.0870461 0.0763242 0.0763059 0.0661114 0.0861726 0.0870249 0.0634459 0.0626571 0.0638723 0.0617226 0.0634086 0.0637244 0.0629046 0.0641275 0.0626250 0.0631897 0.0623800 0.0652024 0.0631455 0.0631455 0.0778692 0.0756715 0.0757159 0.0753979 0.0753954 0.0753979 0.0754514 0.0748473 0.0660726 0.0663603 0.0652741 0.0655983 0.0673841 0.0671198 0.0559545 0.0551313 0.0596191 0.0663043 0.0581218 0.0551540 0.0554107 0.0567044 0.0556752 0.0562138 0.0556856 0.0556626 0.0562045 0.0624709 0.0630310 0.0630094 0.0622262 0.0639411 0.0610018 0.0601845 0.0610233 0.0604434 0.0571318 0.0769590 0.0556055 0.0571531 0.0769565 0.0771843 0.0781058 0.0593822 0.0576512 0.0592688 0.0589872 0.0584642 0.0587283 0.0590733 0.0609931 0.0588178 0.0588178 0.0075839 0.0072449 0.0076622 0.0072428 0.0121352 0.0079599 0.0072449 0.0127940 0.0127338 0.0134389 0.0613621 0.0611029 0.0610736 0.0605530 0.0686973 0.0835995 0.0833250 0.0825345 0.0595775 0.0595724 0.0600868 0.0601142 0.0595944 0.0595912 0.0598044 0.0596169 0.0652002 0.0649374 0.0628359 0.0644257 0.0646742 0.0630874 0.0638878 0.0641542 0.0660633 0.0668903 0.0666690 0.0854457 0.0585788 0.0627128 0.0596309 0.0606710 0.0801914 0.0799137 0.0817497 0.0799110 0.0627195 0.0618751 0.0642401 0.0624603 0.0636152 0.0629965 0.0626741 0.0635213 0.0627805 0.0780142 0.0623502 0.0639221 0.0636723 0.0638868 0.0642091 0.0698911 0.0633599 0.0650560 0.0641813 0.0636734 
Staphylococcus.carnosus.000009405.04         0.0634429 0.0712683 0.0713157 0.0755186 0.0053647 0.0055748 0.0052774 0.0000000 0.0047382 0.0040494 0.0049459 0.0530401 0.0542660 0.0540849 0.0533157 0.0618184 0.0570442 0.0639265 0.0623664 0.0626140 0.0639167 0.0573912 0.0626140 0.0645855 0.0642708 0.0643771 0.0642559 0.0646007 0.0642859 0.0643919 0.0642710 0.0590622 0.0590622 0.0593377 0.0602749 0.0603306 0.0593384 0.0602642 0.0602642 0.0593370 0.0589112 0.0646376 0.0649011 0.0646376 0.0643774 0.0649526 0.0674649 0.0807984 0.0816233 0.0737748 0.0737572 0.0674492 0.0804868 0.0816036 0.0637647 0.0635008 0.0635728 0.0633283 0.0637272 0.0640438 0.0637491 0.0638322 0.0629421 0.0640354 0.0632225 0.0651827 0.0639906 0.0639906 0.0805794 0.0783670 0.0777730 0.0780904 0.0780879 0.0780904 0.0775023 0.0775340 0.0657278 0.0660159 0.0649283 0.0652527 0.0670411 0.0667765 0.0556499 0.0571276 0.0616588 0.0659599 0.0595645 0.0568226 0.0570814 0.0583480 0.0573482 0.0580935 0.0573045 0.0572806 0.0569354 0.0639344 0.0644993 0.0644770 0.0636883 0.0649923 0.0615559 0.0607364 0.0595470 0.0609959 0.0567058 0.0638804 0.0569452 0.0567273 0.0638785 0.0637958 0.0641190 0.0577283 0.0585316 0.0593282 0.0590463 0.0585345 0.0587871 0.0602183 0.0603609 0.0599614 0.0599614 0.0083781 0.0083060 0.0083034 0.0078824 0.0130493 0.0058797 0.0083060 0.0134544 0.0130230 0.0141016 0.0630755 0.0608810 0.0608519 0.0603314 0.0704096 0.0751727 0.0749025 0.0738195 0.0601476 0.0601424 0.0597781 0.0606860 0.0601647 0.0601614 0.0594910 0.0601875 0.0657537 0.0654904 0.0641526 0.0649778 0.0652266 0.0644099 0.0644386 0.0647056 0.0663737 0.0672021 0.0663412 0.0858005 0.0596818 0.0623913 0.0607394 0.0617845 0.0823200 0.0820399 0.0822891 0.0820372 0.0628082 0.0621992 0.0631449 0.0625486 0.0637056 0.0630857 0.0630000 0.0629313 0.0638504 0.0796481 0.0637952 0.0637190 0.0634690 0.0634199 0.0642287 0.0704433 0.0641584 0.0653465 0.0647329 0.0642241 
Staphylococcus.carnosus.001701005.00         0.0616908 0.0603331 0.0603718 0.0613684 0.0014306 0.0012261 0.0036972 0.0047382 0.0000000 0.0020474 0.0002038 0.0514120 0.0519220 0.0524479 0.0519552 0.0547043 0.0565494 0.0567629 0.0552372 0.0554812 0.0567546 0.0569009 0.0554812 0.0628579 0.0625469 0.0641274 0.0625326 0.0628725 0.0625615 0.0641424 0.0625471 0.0554887 0.0554887 0.0557639 0.0552560 0.0553064 0.0557645 0.0552465 0.0552465 0.0557632 0.0554990 0.0555507 0.0558061 0.0555507 0.0552979 0.0558487 0.0638972 0.0657914 0.0660541 0.0656863 0.0656708 0.0638822 0.0654990 0.0660386 0.0615933 0.0608094 0.0610682 0.0607755 0.0615572 0.0618697 0.0610558 0.0613297 0.0612956 0.0613384 0.0610515 0.0621689 0.0618138 0.0618138 0.0783709 0.0761731 0.0761704 0.0758992 0.0758967 0.0758992 0.0758965 0.0753482 0.0545851 0.0551023 0.0540548 0.0543594 0.0560977 0.0558417 0.0556219 0.0558157 0.0603882 0.0550560 0.0556103 0.0530537 0.0533084 0.0540881 0.0535703 0.0531155 0.0525943 0.0525728 0.0525520 0.0611308 0.0616873 0.0616663 0.0608869 0.0624169 0.0567712 0.0559692 0.0567560 0.0562241 0.0563809 0.0550668 0.0550652 0.0564026 0.0550652 0.0552660 0.0555729 0.0574176 0.0557745 0.0563805 0.0561029 0.0568913 0.0558467 0.0557136 0.0575614 0.0554609 0.0554609 0.0072406 0.0043183 0.0039023 0.0034890 0.0119556 0.0074582 0.0043183 0.0093670 0.0119365 0.0100030 0.0610855 0.0598096 0.0597810 0.0592625 0.0648334 0.0643417 0.0640801 0.0635792 0.0561777 0.0561730 0.0559415 0.0567068 0.0561935 0.0561905 0.0556559 0.0562144 0.0633489 0.0630876 0.0620197 0.0625788 0.0628261 0.0622797 0.0620445 0.0623092 0.0647504 0.0655735 0.0669418 0.0842804 0.0579818 0.0602920 0.0590301 0.0600667 0.0800692 0.0797920 0.0798254 0.0797893 0.0608361 0.0608304 0.0619126 0.0605787 0.0617224 0.0605951 0.0616381 0.0611739 0.0611078 0.0613663 0.0635863 0.0617638 0.0615154 0.0617298 0.0624377 0.0679765 0.0625469 0.0629405 0.0623354 0.0618301 
Staphylococcus.carnosus.001701005.02         0.0619943 0.0683461 0.0683909 0.0725434 0.0030782 0.0028727 0.0015752 0.0040494 0.0020474 0.0000000 0.0022529 0.0509514 0.0540231 0.0519864 0.0512239 0.0633804 0.0572433 0.0657528 0.0639298 0.0641774 0.0657426 0.0575852 0.0641774 0.0642066 0.0638931 0.0615569 0.0638783 0.0642216 0.0639080 0.0615708 0.0638933 0.0581627 0.0581627 0.0584322 0.0583890 0.0584426 0.0584329 0.0583787 0.0583787 0.0584315 0.0570352 0.0774328 0.0777046 0.0774328 0.0771648 0.0777690 0.0648158 0.0850512 0.0856040 0.0749239 0.0749060 0.0648011 0.0847351 0.0855832 0.0623743 0.0615884 0.0628346 0.0606756 0.0623376 0.0626515 0.0618352 0.0630889 0.0615568 0.0621188 0.0613125 0.0641590 0.0620755 0.0620755 0.0772864 0.0750915 0.0751552 0.0748184 0.0748160 0.0748184 0.0748912 0.0742691 0.0655257 0.0658127 0.0647290 0.0650521 0.0668345 0.0665708 0.0554419 0.0546127 0.0590876 0.0657571 0.0581033 0.0546241 0.0548803 0.0561798 0.0551441 0.0551773 0.0546515 0.0546290 0.0552053 0.0614055 0.0619629 0.0619417 0.0611614 0.0629056 0.0599446 0.0591311 0.0600007 0.0593890 0.0566173 0.0763906 0.0550862 0.0566385 0.0763882 0.0760750 0.0769916 0.0583638 0.0566066 0.0584718 0.0581913 0.0576976 0.0579332 0.0580254 0.0599710 0.0577708 0.0577708 0.0063711 0.0059880 0.0059862 0.0055693 0.0108947 0.0067176 0.0059880 0.0110792 0.0110813 0.0117200 0.0608352 0.0605584 0.0605294 0.0600099 0.0676428 0.0824654 0.0821919 0.0814038 0.0585281 0.0585231 0.0590708 0.0590625 0.0585447 0.0585415 0.0587900 0.0585666 0.0641272 0.0638653 0.0618101 0.0633554 0.0636031 0.0620607 0.0628196 0.0630850 0.0655086 0.0663337 0.0661296 0.0851171 0.0575281 0.0616812 0.0585758 0.0596120 0.0796011 0.0793239 0.0811755 0.0793213 0.0611318 0.0603169 0.0626959 0.0608740 0.0620201 0.0614070 0.0611110 0.0619798 0.0611911 0.0763444 0.0613141 0.0628448 0.0625957 0.0628102 0.0631500 0.0687900 0.0623321 0.0637192 0.0631115 0.0626053 
Staphylococcus.carnosus.001701005.04         0.0619495 0.0605905 0.0606294 0.0616266 0.0016355 0.0014309 0.0039039 0.0049459 0.0002038 0.0022529 0.0000000 0.0516612 0.0521716 0.0521977 0.0522050 0.0549574 0.0568042 0.0570177 0.0554909 0.0557350 0.0570094 0.0571563 0.0557350 0.0631190 0.0628077 0.0643894 0.0627932 0.0631338 0.0628223 0.0644044 0.0628078 0.0557414 0.0557414 0.0560169 0.0555086 0.0555593 0.0560175 0.0554991 0.0554991 0.0560162 0.0557518 0.0558036 0.0560592 0.0558036 0.0555507 0.0561021 0.0641603 0.0660562 0.0663191 0.0659504 0.0659349 0.0641452 0.0657634 0.0663034 0.0618526 0.0610680 0.0613270 0.0610340 0.0618163 0.0621292 0.0613146 0.0615887 0.0615544 0.0615975 0.0613102 0.0624288 0.0620731 0.0620731 0.0786458 0.0764472 0.0764444 0.0761731 0.0761706 0.0761731 0.0761704 0.0756217 0.0548376 0.0553552 0.0543067 0.0546117 0.0563512 0.0560950 0.0558753 0.0560690 0.0606469 0.0553086 0.0558647 0.0533060 0.0535610 0.0543414 0.0538232 0.0533659 0.0528442 0.0528226 0.0528017 0.0613889 0.0619461 0.0619250 0.0611449 0.0626759 0.0570249 0.0562221 0.0570096 0.0564772 0.0566348 0.0553195 0.0553179 0.0566566 0.0553179 0.0555186 0.0558260 0.0576724 0.0560275 0.0566355 0.0563576 0.0571466 0.0561011 0.0559664 0.0578158 0.0557135 0.0557135 0.0074500 0.0045255 0.0041091 0.0036955 0.0121697 0.0076680 0.0045255 0.0095785 0.0121502 0.0102150 0.0613455 0.0600687 0.0600400 0.0595211 0.0650945 0.0646025 0.0643407 0.0638396 0.0564306 0.0564258 0.0561943 0.0569601 0.0564465 0.0564435 0.0559083 0.0564674 0.0636082 0.0633468 0.0622779 0.0628376 0.0630850 0.0625381 0.0623028 0.0625677 0.0650133 0.0658372 0.0672067 0.0845724 0.0582372 0.0605492 0.0592864 0.0603239 0.0803464 0.0800689 0.0801025 0.0800663 0.0610939 0.0610881 0.0621713 0.0608363 0.0619813 0.0608527 0.0618966 0.0614322 0.0613658 0.0616245 0.0638478 0.0620239 0.0617754 0.0619898 0.0626979 0.0682419 0.0628056 0.0632000 0.0625940 0.0620885 
Staphylococcus.epidermidis.002850315.00      0.0266862 0.0233327 0.0233458 0.0266856 0.0516945 0.0519607 0.0519731 0.0530401 0.0514120 0.0509514 0.0516612 0.0000000 0.0012215 0.0016304 0.0010181 0.0229795 0.0234363 0.0247918 0.0234357 0.0234394 0.0245593 0.0239281 0.0234394 0.0499171 0.0496302 0.0510915 0.0503283 0.0499171 0.0496302 0.0510915 0.0503283 0.0475636 0.0475636 0.0478281 0.0470705 0.0463511 0.0473367 0.0470629 0.0470629 0.0473357 0.0468175 0.0174446 0.0176643 0.0174446 0.0172257 0.0174444 0.0482006 0.0492505 0.0494973 0.0434880 0.0434880 0.0482006 0.0492505 0.0494973 0.0440090 0.0437624 0.0430258 0.0437382 0.0444767 0.0442659 0.0439986 0.0432719 0.0437400 0.0437835 0.0435079 0.0447856 0.0434925 0.0434925 0.0721518 0.0672163 0.0666842 0.0669514 0.0674796 0.0666836 0.0666844 0.0669483 0.0207689 0.0238805 0.0234192 0.0232075 0.0252197 0.0221047 0.0254559 0.0242945 0.0281028 0.0209847 0.0421028 0.0403551 0.0405976 0.0405750 0.0408451 0.0434761 0.0429671 0.0431932 0.0439528 0.0456963 0.0454526 0.0430660 0.0451919 0.0432901 0.0468986 0.0461291 0.0466575 0.0463756 0.0181156 0.0170019 0.0167826 0.0181214 0.0172209 0.0176693 0.0178970 0.0192291 0.0174500 0.0478182 0.0475710 0.0473050 0.0473226 0.0484615 0.0492985 0.0482155 0.0479684 0.0514275 0.0514050 0.0522117 0.0517099 0.0573842 0.0525152 0.0514050 0.0502393 0.0498159 0.0499932 0.0466947 0.0451794 0.0451584 0.0461511 0.0441460 0.0436740 0.0434627 0.0424406 0.0468800 0.0468762 0.0464051 0.0473872 0.0468824 0.0468800 0.0461250 0.0468990 0.0531782 0.0529259 0.0524231 0.0524327 0.0531783 0.0526748 0.0524223 0.0526777 0.0566018 0.0568836 0.0579592 0.0758327 0.0210595 0.0255135 0.0243617 0.0250383 0.0695083 0.0692407 0.0700502 0.0700775 0.0257681 0.0253155 0.0269239 0.0255422 0.0264896 0.0259861 0.0260053 0.0260067 0.0257681 0.0264580 0.0503024 0.0486142 0.0486233 0.0495640 0.0497489 0.0570477 0.0531926 0.0535321 0.0529590 0.0527303 
Staphylococcus.epidermidis.002850315.02      0.0299875 0.0326112 0.0326301 0.0388298 0.0522053 0.0524722 0.0550231 0.0542660 0.0519220 0.0540231 0.0521716 0.0012215 0.0000000 0.0020394 0.0014263 0.0317893 0.0265414 0.0336491 0.0322589 0.0322640 0.0334086 0.0270273 0.0322640 0.0511379 0.0508492 0.0507798 0.0515483 0.0511379 0.0508492 0.0507798 0.0515483 0.0502104 0.0502104 0.0504697 0.0485349 0.0478128 0.0499901 0.0487816 0.0487816 0.0499890 0.0474091 0.0374196 0.0376524 0.0374196 0.0371884 0.0374191 0.0500648 0.0682268 0.0687463 0.0532846 0.0532846 0.0500648 0.0682268 0.0687463 0.0449936 0.0447462 0.0467504 0.0446117 0.0454624 0.0452516 0.0449830 0.0469915 0.0447233 0.0447679 0.0444907 0.0484772 0.0444749 0.0444749 0.0735026 0.0685447 0.0685429 0.0682788 0.0688089 0.0680098 0.0685431 0.0682756 0.0313770 0.0343534 0.0338734 0.0336606 0.0357279 0.0325299 0.0272476 0.0254074 0.0291718 0.0313742 0.0468528 0.0401135 0.0403557 0.0417639 0.0406030 0.0447217 0.0442096 0.0444363 0.0481855 0.0459462 0.0457023 0.0433136 0.0454412 0.0469909 0.0484023 0.0476276 0.0495972 0.0478755 0.0211504 0.0364829 0.0182127 0.0211571 0.0367140 0.0362435 0.0365034 0.0222398 0.0185303 0.0482967 0.0480492 0.0505359 0.0478005 0.0496934 0.0515729 0.0494465 0.0491983 0.0544991 0.0519149 0.0527237 0.0522209 0.0603440 0.0537477 0.0519149 0.0507480 0.0526444 0.0505015 0.0496370 0.0464061 0.0463845 0.0473809 0.0476605 0.0599091 0.0597022 0.0580915 0.0481310 0.0481271 0.0493214 0.0486410 0.0481335 0.0481310 0.0490453 0.0481507 0.0541584 0.0539054 0.0543959 0.0534109 0.0541585 0.0548859 0.0534003 0.0536565 0.0578694 0.0581528 0.0584310 0.0772447 0.0219567 0.0281049 0.0252675 0.0254937 0.0710722 0.0708036 0.0746167 0.0716444 0.0273552 0.0275629 0.0302025 0.0271282 0.0280830 0.0275738 0.0282476 0.0293041 0.0273552 0.0423866 0.0492720 0.0493316 0.0493408 0.0502825 0.0500577 0.0583189 0.0551572 0.0545152 0.0539392 0.0537102 
Staphylococcus.epidermidis.002850315.03      0.0278404 0.0244734 0.0244872 0.0278397 0.0527321 0.0529997 0.0530124 0.0540849 0.0524479 0.0519864 0.0521977 0.0016304 0.0020394 0.0000000 0.0018357 0.0236582 0.0241164 0.0254758 0.0241157 0.0241196 0.0252424 0.0246107 0.0241196 0.0506856 0.0503973 0.0518620 0.0510965 0.0506856 0.0503973 0.0518620 0.0510965 0.0478213 0.0478213 0.0480862 0.0473277 0.0468529 0.0475943 0.0475735 0.0475735 0.0475933 0.0473277 0.0181126 0.0183330 0.0181126 0.0178931 0.0181124 0.0487243 0.0497772 0.0500245 0.0440034 0.0440034 0.0487243 0.0497772 0.0500245 0.0445259 0.0442787 0.0435404 0.0442542 0.0449944 0.0447835 0.0445153 0.0437871 0.0442560 0.0443002 0.0440236 0.0453046 0.0440079 0.0440079 0.0732677 0.0683115 0.0677773 0.0680456 0.0685756 0.0677767 0.0677776 0.0680424 0.0214421 0.0245616 0.0240987 0.0238868 0.0259041 0.0227814 0.0261412 0.0249757 0.0287988 0.0216583 0.0421291 0.0403802 0.0406229 0.0406002 0.0408706 0.0437453 0.0432354 0.0434618 0.0442227 0.0459691 0.0457251 0.0433351 0.0454638 0.0435594 0.0474205 0.0466489 0.0471790 0.0468960 0.0187859 0.0176686 0.0174486 0.0187920 0.0178881 0.0178988 0.0181269 0.0194609 0.0176792 0.0483422 0.0480945 0.0478277 0.0478455 0.0487387 0.0495775 0.0484923 0.0482448 0.0524638 0.0524407 0.0532517 0.0527480 0.0584515 0.0535575 0.0524407 0.0512723 0.0508489 0.0505231 0.0467228 0.0457010 0.0456798 0.0466746 0.0441567 0.0436846 0.0434733 0.0424509 0.0471541 0.0471503 0.0466786 0.0476622 0.0471566 0.0471541 0.0463980 0.0469268 0.0532126 0.0529602 0.0524570 0.0524666 0.0532128 0.0527088 0.0524562 0.0527118 0.0571481 0.0574308 0.0585093 0.0761695 0.0221885 0.0266606 0.0255026 0.0261823 0.0708834 0.0706146 0.0714278 0.0711865 0.0264640 0.0260101 0.0276238 0.0262375 0.0271888 0.0266824 0.0267022 0.0267036 0.0264640 0.0271562 0.0510702 0.0493781 0.0493874 0.0503300 0.0505144 0.0570855 0.0532271 0.0535669 0.0529933 0.0527644 
Staphylococcus.epidermidis.002850315.04      0.0273890 0.0240260 0.0240395 0.0273883 0.0522387 0.0525058 0.0522470 0.0533157 0.0519552 0.0512239 0.0522050 0.0010181 0.0014263 0.0018357 0.0000000 0.0227679 0.0229930 0.0245797 0.0232239 0.0232276 0.0243473 0.0234834 0.0232276 0.0496838 0.0493972 0.0508580 0.0500952 0.0496838 0.0493972 0.0508580 0.0500952 0.0470904 0.0470904 0.0473545 0.0465978 0.0458792 0.0468636 0.0468432 0.0468432 0.0468626 0.0465978 0.0176762 0.0178963 0.0176762 0.0174570 0.0176760 0.0477440 0.0487926 0.0490393 0.0430327 0.0430327 0.0477440 0.0487926 0.0490393 0.0432914 0.0430453 0.0423101 0.0430215 0.0437586 0.0435477 0.0432812 0.0425557 0.0430233 0.0430661 0.0427915 0.0440659 0.0427763 0.0427763 0.0724705 0.0675265 0.0669935 0.0672612 0.0677902 0.0669929 0.0669937 0.0672580 0.0209965 0.0241113 0.0236494 0.0234376 0.0252270 0.0221110 0.0256884 0.0245307 0.0283455 0.0212125 0.0418925 0.0403859 0.0406286 0.0406060 0.0408763 0.0434927 0.0429835 0.0432097 0.0439696 0.0454541 0.0452106 0.0428257 0.0449502 0.0430497 0.0469349 0.0456748 0.0462025 0.0459211 0.0183483 0.0172329 0.0170132 0.0183542 0.0174521 0.0179014 0.0181295 0.0194636 0.0176817 0.0473499 0.0471029 0.0468373 0.0468547 0.0480070 0.0485765 0.0477611 0.0475141 0.0519709 0.0519481 0.0527575 0.0522544 0.0579467 0.0527900 0.0519481 0.0507805 0.0500876 0.0505338 0.0459686 0.0444566 0.0444360 0.0454267 0.0439197 0.0436908 0.0434794 0.0424569 0.0463740 0.0463702 0.0461613 0.0468800 0.0463763 0.0463740 0.0458817 0.0463928 0.0529479 0.0526958 0.0521931 0.0522027 0.0529481 0.0524447 0.0521923 0.0524476 0.0558587 0.0561395 0.0572359 0.0746948 0.0217449 0.0262116 0.0250556 0.0257343 0.0692276 0.0689603 0.0697689 0.0697960 0.0264677 0.0260138 0.0276277 0.0262412 0.0271926 0.0266862 0.0267060 0.0267074 0.0264677 0.0271601 0.0500694 0.0483816 0.0483907 0.0493313 0.0495278 0.0568138 0.0529623 0.0533013 0.0527287 0.0524999 
Staphylococcus.haemolyticus.001611955.00     0.0392348 0.0321443 0.0321628 0.0349061 0.0549934 0.0552648 0.0644483 0.0618184 0.0547043 0.0633804 0.0549574 0.0229795 0.0317893 0.0236582 0.0227679 0.0000000 0.0094236 0.0050641 0.0008018 0.0018079 0.0048595 0.0100689 0.0016065 0.0521012 0.0518110 0.0594102 0.0530751 0.0521130 0.0518228 0.0594238 0.0530872 0.0514488 0.0514488 0.0517167 0.0433645 0.0431605 0.0517173 0.0436071 0.0436071 0.0517161 0.0463103 0.0315690 0.0315690 0.0315690 0.0313398 0.0320510 0.0566271 0.0568643 0.0571162 0.0456724 0.0456622 0.0566143 0.0565882 0.0571031 0.0442846 0.0442847 0.0511453 0.0485166 0.0447530 0.0445420 0.0445214 0.0513968 0.0440150 0.0447977 0.0440295 0.0532014 0.0440138 0.0440138 0.0717063 0.0684061 0.0768990 0.0681396 0.0686708 0.0678702 0.0760774 0.0681364 0.0216752 0.0261503 0.0252320 0.0259313 0.0270459 0.0232377 0.0307527 0.0278607 0.0315059 0.0221119 0.0532254 0.0408574 0.0411004 0.0464517 0.0408627 0.0398469 0.0398536 0.0398382 0.0483263 0.0444017 0.0444116 0.0422894 0.0439104 0.0520383 0.0412297 0.0404813 0.0498339 0.0402395 0.0323854 0.0318125 0.0278200 0.0323964 0.0320427 0.0311351 0.0309220 0.0316484 0.0225428 0.0527584 0.0525065 0.0609206 0.0522531 0.0465865 0.0547149 0.0463414 0.0463414 0.0647165 0.0552031 0.0560282 0.0555176 0.0710423 0.0620514 0.0552031 0.0542991 0.0624979 0.0535390 0.0564083 0.0492291 0.0492060 0.0502133 0.0577490 0.0520414 0.0520597 0.0513153 0.0425072 0.0425038 0.0495195 0.0430061 0.0425187 0.0425166 0.0492466 0.0425336 0.0529499 0.0526976 0.0588525 0.0522042 0.0524451 0.0593638 0.0516902 0.0519451 0.0554783 0.0555015 0.0622133 0.0747596 0.0235355 0.0353762 0.0268921 0.0271200 0.0719651 0.0716954 0.0821128 0.0722382 0.0293904 0.0336636 0.0394713 0.0287038 0.0294365 0.0291589 0.0339087 0.0380544 0.0296537 0.0339979 0.0594347 0.0515621 0.0513215 0.0523037 0.0576989 0.0554477 0.0591298 0.0525368 0.0519665 0.0514677 
Staphylococcus.haemolyticus.001611955.02     0.0324354 0.0346799 0.0347000 0.0402542 0.0568416 0.0571154 0.0582598 0.0570442 0.0565494 0.0572433 0.0568042 0.0234363 0.0265414 0.0241164 0.0229930 0.0094236 0.0000000 0.0128211 0.0094267 0.0098468 0.0126085 0.0021649 0.0096383 0.0522007 0.0519098 0.0530645 0.0531768 0.0522126 0.0519216 0.0530762 0.0531889 0.0449128 0.0449128 0.0451655 0.0444013 0.0441972 0.0451659 0.0446451 0.0446451 0.0451650 0.0432955 0.0446338 0.0446338 0.0446338 0.0443963 0.0451433 0.0501574 0.0668840 0.0674013 0.0528435 0.0528315 0.0501464 0.0665969 0.0673857 0.0442859 0.0442860 0.0453334 0.0452037 0.0447543 0.0445433 0.0445227 0.0455735 0.0440163 0.0447989 0.0440308 0.0468120 0.0440151 0.0440151 0.0734622 0.0701364 0.0709586 0.0698681 0.0704029 0.0695967 0.0701729 0.0698648 0.0294341 0.0337735 0.0328314 0.0335519 0.0346857 0.0308013 0.0257590 0.0248156 0.0285800 0.0296489 0.0475984 0.0418949 0.0421392 0.0432449 0.0419005 0.0403532 0.0403600 0.0403444 0.0436921 0.0454393 0.0454494 0.0433182 0.0449454 0.0455217 0.0422576 0.0415050 0.0431076 0.0412620 0.0277359 0.0441764 0.0252619 0.0277450 0.0444145 0.0422106 0.0422630 0.0279643 0.0238938 0.0533356 0.0530829 0.0533876 0.0528287 0.0473935 0.0498158 0.0471474 0.0471474 0.0587634 0.0570513 0.0578841 0.0573701 0.0647543 0.0572724 0.0570513 0.0561451 0.0563628 0.0553799 0.0486373 0.0474408 0.0474186 0.0484193 0.0509333 0.0642449 0.0642685 0.0629783 0.0425046 0.0425013 0.0448254 0.0430035 0.0425162 0.0425140 0.0445661 0.0425310 0.0531560 0.0529038 0.0534644 0.0524106 0.0526513 0.0537088 0.0518966 0.0516483 0.0541678 0.0541904 0.0551744 0.0735661 0.0239886 0.0296863 0.0273504 0.0275787 0.0733765 0.0731055 0.0756376 0.0736510 0.0298698 0.0302508 0.0324246 0.0291816 0.0301463 0.0296378 0.0304886 0.0310797 0.0298942 0.0433471 0.0528004 0.0519114 0.0516701 0.0526551 0.0531637 0.0556773 0.0539714 0.0527434 0.0521730 0.0516743 
Staphylococcus.haemolyticus.001611955.03     0.0412631 0.0319349 0.0319533 0.0364541 0.0570553 0.0573291 0.0668302 0.0639265 0.0567629 0.0657528 0.0570177 0.0247918 0.0336491 0.0254758 0.0245797 0.0050641 0.0128211 0.0000000 0.0050657 0.0048619 0.0005886 0.0134802 0.0046578 0.0660803 0.0657673 0.0733257 0.0665382 0.0660956 0.0657826 0.0733429 0.0665536 0.0544486 0.0544486 0.0547204 0.0465446 0.0463412 0.0547210 0.0467898 0.0467898 0.0547198 0.0492596 0.0322799 0.0322799 0.0322799 0.0320500 0.0327638 0.0686954 0.0679381 0.0681974 0.0525056 0.0524937 0.0686795 0.0676484 0.0681816 0.0467238 0.0467239 0.0538727 0.0509775 0.0471945 0.0469837 0.0469619 0.0541264 0.0464511 0.0474897 0.0467134 0.0562020 0.0466968 0.0466968 0.0807798 0.0686100 0.0773707 0.0683436 0.0688746 0.0680743 0.0765488 0.0683404 0.0291804 0.0357628 0.0345924 0.0353200 0.0374076 0.0314755 0.0409124 0.0374753 0.0414960 0.0296196 0.0534970 0.0408731 0.0411162 0.0459794 0.0408784 0.0429292 0.0429365 0.0429198 0.0514708 0.0561227 0.0561353 0.0457102 0.0556137 0.0585606 0.0443908 0.0436326 0.0528253 0.0433882 0.0337893 0.0325245 0.0285173 0.0338008 0.0327553 0.0320765 0.0318630 0.0328166 0.0232284 0.0664238 0.0661618 0.0750861 0.0658978 0.0490213 0.0571976 0.0487744 0.0490233 0.0673628 0.0575201 0.0580980 0.0575838 0.0737654 0.0644207 0.0575201 0.0566142 0.0651308 0.0558482 0.0561727 0.0487444 0.0487216 0.0497277 0.0608001 0.0545386 0.0548093 0.0540589 0.0456147 0.0456110 0.0526727 0.0461193 0.0456271 0.0456248 0.0523954 0.0456433 0.0551643 0.0549104 0.0610875 0.0544144 0.0546563 0.0616020 0.0538966 0.0541533 0.0692353 0.0692657 0.0764883 0.0903848 0.0235423 0.0380974 0.0295706 0.0300395 0.0724441 0.0721742 0.0831499 0.0727173 0.0338885 0.0381457 0.0419754 0.0332025 0.0341701 0.0341375 0.0383924 0.0400921 0.0311786 0.0355572 0.0733574 0.0655094 0.0652618 0.0657339 0.0712995 0.0579522 0.0613672 0.0547526 0.0541757 0.0536935 
Staphylococcus.haemolyticus.001611955.04     0.0392494 0.0321559 0.0321744 0.0349189 0.0555272 0.0557994 0.0650003 0.0623664 0.0552372 0.0639298 0.0554909 0.0234357 0.0322589 0.0241157 0.0232239 0.0008018 0.0094267 0.0050657 0.0000000 0.0018084 0.0048610 0.0100722 0.0016070 0.0518695 0.0515797 0.0591773 0.0528433 0.0518813 0.0515914 0.0591909 0.0528554 0.0519684 0.0519684 0.0522372 0.0438697 0.0436657 0.0522377 0.0441129 0.0441129 0.0522365 0.0468193 0.0325015 0.0325015 0.0325015 0.0322715 0.0329858 0.0566500 0.0568874 0.0571393 0.0456902 0.0456800 0.0566371 0.0566111 0.0571263 0.0445493 0.0445494 0.0514172 0.0487857 0.0450181 0.0448071 0.0447863 0.0516690 0.0442792 0.0450631 0.0442938 0.0534763 0.0442780 0.0442780 0.0722833 0.0689750 0.0774843 0.0687079 0.0692403 0.0684379 0.0766609 0.0687047 0.0216827 0.0261596 0.0252409 0.0259404 0.0270555 0.0232458 0.0307637 0.0278706 0.0317479 0.0221195 0.0537513 0.0413590 0.0416025 0.0469622 0.0413644 0.0403432 0.0403499 0.0403343 0.0488377 0.0449070 0.0449170 0.0427910 0.0444146 0.0525576 0.0417312 0.0409809 0.0503515 0.0407386 0.0333178 0.0327463 0.0287363 0.0333292 0.0329772 0.0320668 0.0318535 0.0325768 0.0234451 0.0530342 0.0527819 0.0612062 0.0525282 0.0470989 0.0552417 0.0468533 0.0468533 0.0652691 0.0557370 0.0565645 0.0560528 0.0716132 0.0625996 0.0557370 0.0548322 0.0630469 0.0540705 0.0561751 0.0489967 0.0489738 0.0499807 0.0582842 0.0525652 0.0525837 0.0518378 0.0430091 0.0430056 0.0500330 0.0435092 0.0430207 0.0430186 0.0497592 0.0430358 0.0534771 0.0532243 0.0593889 0.0527300 0.0529712 0.0599012 0.0522147 0.0524702 0.0557574 0.0557807 0.0625007 0.0750802 0.0235437 0.0353890 0.0269017 0.0271296 0.0725424 0.0722721 0.0827098 0.0728162 0.0294009 0.0336758 0.0394859 0.0287141 0.0296761 0.0291694 0.0339210 0.0380684 0.0296643 0.0340102 0.0592017 0.0513308 0.0510902 0.0520722 0.0574663 0.0557294 0.0596670 0.0530641 0.0524919 0.0519920 
Staphylococcus.haemolyticus.002906615.00     0.0392408 0.0321538 0.0321724 0.0349115 0.0557715 0.0560439 0.0652485 0.0626140 0.0554812 0.0641774 0.0557350 0.0234394 0.0322640 0.0241196 0.0232276 0.0018079 0.0098468 0.0048619 0.0018084 0.0000000 0.0046564 0.0096477 0.0006007 0.0516012 0.0513119 0.0589011 0.0525740 0.0516012 0.0513119 0.0589011 0.0525740 0.0519560 0.0519560 0.0522246 0.0441040 0.0439001 0.0522251 0.0443472 0.0443472 0.0522240 0.0468084 0.0325051 0.0325051 0.0325051 0.0322751 0.0329894 0.0566610 0.0563875 0.0566391 0.0459168 0.0459168 0.0566610 0.0561246 0.0566391 0.0447858 0.0447860 0.0516559 0.0490234 0.0452548 0.0450438 0.0450230 0.0519078 0.0445156 0.0453001 0.0445302 0.0537162 0.0445144 0.0445144 0.0717488 0.0681526 0.0766416 0.0678862 0.0684172 0.0676170 0.0758205 0.0678831 0.0219100 0.0259358 0.0250178 0.0257167 0.0268311 0.0234746 0.0305380 0.0278733 0.0317510 0.0223471 0.0537381 0.0413495 0.0415930 0.0467046 0.0413549 0.0405811 0.0405879 0.0405722 0.0488343 0.0446815 0.0446815 0.0427881 0.0441795 0.0525538 0.0422130 0.0414614 0.0505954 0.0412187 0.0337840 0.0327499 0.0287395 0.0337956 0.0329808 0.0323017 0.0320883 0.0330411 0.0236723 0.0527516 0.0524997 0.0609122 0.0522464 0.0473350 0.0554805 0.0470892 0.0470892 0.0655175 0.0559812 0.0568094 0.0562974 0.0718667 0.0628473 0.0559812 0.0550765 0.0632947 0.0543144 0.0561629 0.0489864 0.0489635 0.0499701 0.0580261 0.0523117 0.0523301 0.0515848 0.0432585 0.0432551 0.0500407 0.0437592 0.0432607 0.0432585 0.0497558 0.0432759 0.0537170 0.0534641 0.0593739 0.0529695 0.0532108 0.0598861 0.0524540 0.0527096 0.0549744 0.0549973 0.0617003 0.0744847 0.0235472 0.0353891 0.0269020 0.0271299 0.0719822 0.0717124 0.0824117 0.0722554 0.0294012 0.0336759 0.0394858 0.0287143 0.0296764 0.0291634 0.0339212 0.0380602 0.0298881 0.0340031 0.0589254 0.0510634 0.0508230 0.0518038 0.0571919 0.0564931 0.0599171 0.0535650 0.0529913 0.0524906 
